Iteration	CPUTime	PhysTime	Travels	Value	AvValue	MinValue	MaxValue	Delta	Criteria	PrevAvRefValue	Progress	CriteriaType	CriteriaVarType	CriteriaPercentage
1	1	0	0.025	0.0837952696	0.0837952696	0.0837952696	0.0837952696	0	0	0	0	0	0	3
2	1	0	0.05	0.0837941848	0.0837947272	0.0837941848	0.0837952696	5.42353476e-07	0	0	0	0	0	3
3	1	0	0.075	0.083794048	0.0837945008	0.083794048	0.0837952696	7.68765251e-07	0	0	0	0	0	3
4	1	0	0.1	0.0837940265	0.0837943822	0.0837940265	0.0837952696	8.87344819e-07	0	0	0	0	0	3
5	1	0	0.125	0.0837940164	0.083794309	0.0837940164	0.0837952696	9.6050606e-07	0	0	0	0	0	3
6	1	0	0.15	0.083794011	0.0837942594	0.083794011	0.0837952696	1.01017451e-06	0	0	0	0	0	3
7	1	0	0.175	0.083794006	0.0837942232	0.083794006	0.0837952696	1.04637665e-06	0	0	0	0	0	3
8	1	0	0.2	0.0837940042	0.0837941958	0.0837940042	0.0837952696	1.07375403e-06	0	0	0	0	0	3
9	1	0	0.225	0.0837940017	0.0837941742	0.0837940017	0.0837952696	1.09532354e-06	0	0	0	0	0	3
10	2	0	0.25	0.0837940015	0.083794157	0.0837940015	0.0837952696	1.11259373e-06	0	0	0	0	0	3
11	2	0	0.275	0.0837939999	0.0837941427	0.0837939999	0.0837952696	1.12687161e-06	0	0	0	0	0	3
12	2	0	0.3	0.0837939995	0.0837941307	0.0837939995	0.0837952696	1.13880757e-06	0	0	0	0	0	3
13	2	0	0.325	0.0837939986	0.0837941206	0.0837939986	0.0837952696	1.14896962e-06	0	0	0	0	0	3
14	2	0	0.35	0.083793998	0.0837941118	0.083793998	0.0837952696	1.15772777e-06	0	0	0	0	0	3
15	2	0	0.375	0.0837939969	0.0837941042	0.0837939969	0.0837952696	1.16539277e-06	0	0	0	0	0	3
16	2	0	0.4	0.0837939955	0.0837940974	0.0837939955	0.0837952696	1.17218167e-06	0	0	0	0	0	3
17	2	0	0.425	0.0837939944	0.0837940913	0.0837939944	0.0837952696	1.17823736e-06	0	0	0	0	0	3
18	2	0	0.45	0.0837939932	0.0837940859	0.0837939932	0.0837952696	1.18368915e-06	0	0	0	0	0	3
19	3	0	0.475	0.083793992	0.0837940809	0.083793992	0.0837952696	1.18862901e-06	0	0	0	0	0	3
20	3	0	0.5	0.0837939912	0.0837940764	0.0837939912	0.0837952696	1.19311659e-06	0	0	0	0	0	3
21	3	0	0.525	0.0837939901	0.0837940125	0.0837939901	0.0837941848	1.94790021e-07	0	0	0	0	0	3
22	3	0	0.55	0.0837939895	0.0837940027	0.0837939895	0.083794048	5.84494191e-08	0	0	0	0	0	3
23	3	0	0.575	0.0837939894	0.0837939998	0.0837939894	0.0837940265	3.7109008e-08	0	0	0	0	0	3
24	3	0	0.6	0.0837939893	0.0837939979	0.0837939893	0.0837940164	2.70572035e-08	0	0	0	0	0	3
25	3	0	0.625	0.0837939895	0.0837939966	0.0837939893	0.083794011	2.1691448e-08	0	0	0	0	0	3
26	3	0	0.65	0.0837939897	0.0837939955	0.0837939893	0.083794006	1.66187176e-08	0	0	0	0	0	3
27	3	0	0.675	0.08379399	0.0837939947	0.0837939893	0.0837940042	1.48125495e-08	0	0	0	0	0	3
28	4	0	0.7	0.0837939902	0.083793994	0.0837939893	0.0837940017	1.23286158e-08	0	0	0	0	0	3
29	4	0	0.725	0.0837939903	0.0837939934	0.0837939893	0.0837940015	1.21827702e-08	0	0	0	0	0	3
30	4	0	0.75	0.0837939904	0.0837939929	0.0837939893	0.0837939999	1.05578501e-08	0	0	0	0	0	3
31	4	0	0.775	0.0837939905	0.0837939924	0.0837939893	0.0837939995	1.01051454e-08	0	0	0	0	0	3
32	4	0	0.8	0.0837939905	0.083793992	0.0837939893	0.0837939986	9.29397284e-09	0	0	0	0	0	3
33	4	0	0.825	0.0837939904	0.0837939915	0.0837939893	0.083793998	8.62451764e-09	0	0	0	0	0	3
34	4	0	0.85	0.0837939902	0.0837939912	0.0837939893	0.0837939969	7.50540105e-09	0	0	0	0	0	3
35	4	0	0.875	0.0837939901	0.0837939908	0.0837939893	0.0837939955	6.19313549e-09	0	0	0	0	0	3
36	4	0	0.9	0.0837939899	0.0837939905	0.0837939893	0.0837939944	5.07976046e-09	0	0	0	0	0	3
37	5	0	0.925	0.0837939899	0.0837939903	0.0837939893	0.0837939932	3.83863763e-09	0	0	0	0	0	3
38	5	0	0.95	0.0837939897	0.0837939901	0.0837939893	0.083793992	2.66172637e-09	0	0	0	0	0	3
39	5	0	0.975	0.0837939897	0.08379399	0.0837939893	0.0837939912	1.82772843e-09	0	0	0	0	0	3
40	5	0	1	0.0837939896	0.0837939899	0.0837939893	0.0837939905	1.17545632e-09	8.23298115e-09	0	100	0	0	3
41	5	0	1.025	0.0837939895	0.0837939899	0.0837939893	0.0837939905	1.17545632e-09	8.23298115e-09	0	100	0	0	3
42	5	0	1.05	0.0837939895	0.0837939899	0.0837939893	0.0837939905	1.17545632e-09	8.23298115e-09	0	100	0	0	3
43	5	0	1.075	0.0837939894	0.0837939899	0.0837939893	0.0837939905	1.17545632e-09	8.23298115e-09	0	100	0	0	3
44	5	0	1.1	0.0837939893	0.0837939899	0.0837939893	0.0837939905	1.19570066e-09	8.23298115e-09	0	100	0	0	3
45	5	0	1.125	0.0837939893	0.0837939899	0.0837939893	0.0837939905	1.25405031e-09	8.23298115e-09	0	100	0	0	3
46	5	0	1.15	0.0837939893	0.0837939899	0.0837939893	0.0837939905	1.25933627e-09	8.23298115e-09	0	100	0	0	3
47	6	0	1.175	0.0837939892	0.0837939899	0.0837939892	0.0837939905	1.2898273e-09	8.23298115e-09	0	100	0	0	3
48	6	0	1.2	0.0837939892	0.0837939898	0.0837939892	0.0837939905	1.30607894e-09	8.23298115e-09	0	100	0	0	3
49	6	0	1.225	0.0837939892	0.0837939898	0.0837939892	0.0837939905	1.34535799e-09	8.23298115e-09	0	100	0	0	3
50	6	0	1.25	0.0837939891	0.0837939897	0.0837939891	0.0837939905	1.37716617e-09	8.23298115e-09	0	100	0	0	3
51	6	0	1.275	0.0837939891	0.0837939897	0.0837939891	0.0837939905	1.38653621e-09	8.23298115e-09	0	100	0	0	3
52	6	0	1.3	0.0837939891	0.0837939896	0.0837939891	0.0837939905	1.38653621e-09	8.23298115e-09	0	100	0	0	3
