Iteration	CPUTime	PhysTime	Travels	Value	AvValue	MinValue	MaxValue	Delta	Criteria	PrevAvRefValue	Progress	CriteriaType	CriteriaVarType	CriteriaPercentage
1	1	0	0.025	0.0120414597	0.0120414597	0.0120414597	0.0120414597	0	0	0	0	0	0	3
2	1	0	0.05	0.012316674	0.0121790668	0.0120414597	0.012316674	0.000137607132	0	0	0	0	0	3
3	1	0	0.075	0.012261315	0.0122064829	0.0120414597	0.012316674	0.000165023199	0	0	0	0	0	3
4	1	0	0.1	0.0122898914	0.012227335	0.0120414597	0.012316674	0.000185875309	0	0	0	0	0	3
5	1	0	0.125	0.0123120269	0.0122442734	0.0120414597	0.012316674	0.000202813689	0	0	0	0	0	3
6	1	0	0.15	0.0123703292	0.0122652827	0.0120414597	0.0123703292	0.000223822985	0	0	0	0	0	3
7	1	0	0.175	0.0124054524	0.0122853069	0.0120414597	0.0124054524	0.000243847226	0	0	0	0	0	3
8	1	0	0.2	0.0124561443	0.0123066616	0.0120414597	0.0124561443	0.000265201893	0	0	0	0	0	3
9	1	0	0.225	0.0124889836	0.0123269196	0.0120414597	0.0124889836	0.000285459894	0	0	0	0	0	3
10	2	0	0.25	0.0125353542	0.0123477631	0.0120414597	0.0125353542	0.000306303356	0	0	0	0	0	3
11	2	0	0.275	0.0125818915	0.0123690475	0.0120414597	0.0125818915	0.000327587754	0	0	0	0	0	3
12	2	0	0.3	0.0126359108	0.0123912861	0.0120414597	0.0126359108	0.000349826367	0	0	0	0	0	3
13	2	0	0.325	0.0126836061	0.0124137722	0.0120414597	0.0126836061	0.000372312523	0	0	0	0	0	3
14	2	0	0.35	0.0127364816	0.0124368229	0.0120414597	0.0127364816	0.000395363192	0	0	0	0	0	3
15	2	0	0.375	0.0127847671	0.0124600192	0.0120414597	0.0127847671	0.000418559472	0	0	0	0	0	3
16	2	0	0.4	0.0128551226	0.0124847132	0.0120414597	0.0128551226	0.000443253436	0	0	0	0	0	3
17	2	0	0.425	0.0129196846	0.0125102997	0.0120414597	0.0129196846	0.000468839994	0	0	0	0	0	3
18	2	0	0.45	0.0129862107	0.0125367392	0.0120414597	0.0129862107	0.000495279497	0	0	0	0	0	3
19	3	0	0.475	0.0130457836	0.012563531	0.0120414597	0.0130457836	0.000522071307	0	0	0	0	0	3
20	3	0	0.5	0.0131025106	0.01259048	0.0120414597	0.0131025106	0.000549020288	0	0	0	0	0	3
21	3	0	0.525	0.0131728496	0.0126470495	0.012261315	0.0131728496	0.00046798265	0	0	0	0	0	3
22	3	0	0.55	0.0132291823	0.0126926749	0.012261315	0.0132291823	0.000486191998	0	0	0	0	0	3
23	3	0	0.575	0.0132747294	0.0127433456	0.0122898914	0.0132747294	0.000516010606	0	0	0	0	0	3
24	3	0	0.6	0.0133091493	0.0127943085	0.0123120269	0.0133091493	0.000550035125	0	0	0	0	0	3
25	3	0	0.625	0.0133389579	0.0128456551	0.0123703292	0.0133389579	0.00058037238	0	0	0	0	0	3
26	3	0	0.65	0.0133734379	0.0128958105	0.0124054524	0.0133734379	0.000610503577	0	0	0	0	0	3
27	3	0	0.675	0.0134006924	0.0129455725	0.0124561443	0.0134006924	0.000638910911	0	0	0	0	0	3
28	4	0	0.7	0.0134212615	0.0129938284	0.0124889836	0.0134212615	0.000666908769	0	0	0	0	0	3
29	4	0	0.725	0.0134373501	0.0130412467	0.0125353542	0.0134373501	0.000693483633	0	0	0	0	0	3
30	4	0	0.75	0.0134464414	0.0130868011	0.0125818915	0.0134464414	0.000717753593	0	0	0	0	0	3
31	4	0	0.775	0.0134562905	0.013130521	0.0126359108	0.0134562905	0.000739234934	0	0	0	0	0	3
32	4	0	0.8	0.0134613526	0.0131717931	0.0126836061	0.0134613526	0.00075802087	0	0	0	0	0	3
33	4	0	0.825	0.013464987	0.0132108622	0.0127364816	0.013464987	0.000728505422	0	0	0	0	0	3
34	4	0	0.85	0.0134619091	0.0132471335	0.0127847671	0.013464987	0.000680219923	0	0	0	0	0	3
35	4	0	0.875	0.0134598757	0.013280889	0.0128551226	0.013464987	0.000609864417	0	0	0	0	0	3
36	4	0	0.9	0.0134494878	0.0133106072	0.0129196846	0.013464987	0.000545302395	0	0	0	0	0	3
37	5	0	0.925	0.0134437703	0.0133368115	0.0129862107	0.013464987	0.000478776284	0	0	0	0	0	3
38	5	0	0.95	0.0134330077	0.0133591513	0.0130457836	0.013464987	0.000419203431	0	0	0	0	0	3
39	5	0	0.975	0.0134251258	0.0133781185	0.0131025106	0.013464987	0.000362476392	0	0	0	0	0	3
40	5	0	1	0.0134160037	0.0133937931	0.0131728496	0.013464987	0.000292137417	0.000169053323	0	57.8	0	0	3
41	5	0	1.025	0.0134130204	0.0134058016	0.0132291823	0.013464987	0.000235804777	0.000169053323	0	71.6	0	0	3
42	5	0	1.05	0.0134016967	0.0134144274	0.0132747294	0.013464987	0.000190257606	0.000169053323	0	88.8	0	0	3
43	5	0	1.075	0.0134046876	0.0134209253	0.0133091493	0.013464987	0.000155837703	0.000169053323	0	100	0	0	3
44	5	0	1.1	0.0134017701	0.0134200131	0.0133091493	0.013464987	0.000155837703	0.000169053323	0	100	0	0	3
45	5	0	1.125	0.0133997118	0.0134243256	0.0133389579	0.013464987	0.000126029101	0.000169053323	0	100	0	0	3
46	5	0	1.15	0.0133987779	0.0134271742	0.0133734379	0.013464987	9.15490887e-05	0.000169053323	0	100	0	0	3
47	6	0	1.175	0.0133978263	0.0134283355	0.0133978263	0.013464987	6.71606903e-05	0.000169053323	0	100	0	0	3
48	6	0	1.2	0.0133913628	0.0134278913	0.0133913628	0.013464987	7.36242531e-05	0.000169053323	0	100	0	0	3
49	6	0	1.225	0.0133950052	0.013426641	0.0133913628	0.013464987	7.36242531e-05	0.000169053323	0	100	0	0	3
50	6	0	1.25	0.0133966026	0.0134247006	0.0133913628	0.013464987	7.36242531e-05	0.000169053323	0	100	0	0	3
51	6	0	1.275	0.0133941002	0.0134222082	0.0133913628	0.013464987	7.36242531e-05	0.000169053323	0	100	0	0	3
52	6	0	1.3	0.0133937334	0.0134192293	0.0133913628	0.013464987	7.36242531e-05	0.000169053323	0	100	0	0	3
