Iteration	CPUTime	PhysTime	Travels	Value	AvValue	MinValue	MaxValue	Delta	Criteria	PrevAvRefValue	Progress	CriteriaType	CriteriaVarType	CriteriaPercentage
1	1	0	0.025	2.94415511e-06	2.94415511e-06	2.94415511e-06	2.94415511e-06	0	0	0	0	0	0	3
2	1	0	0.05	0.00177999492	0.000891469536	2.94415511e-06	0.00177999492	0.000888525381	0	0	0	0	0	3
3	1	0	0.075	0.00129091586	0.00102461831	2.94415511e-06	0.00177999492	0.00102167416	0	0	0	0	0	3
4	1	0	0.1	0.00102374104	0.00102439899	2.94415511e-06	0.00177999492	0.00102167416	0	0	0	0	0	3
5	1	0	0.125	0.00106989847	0.00103349889	2.94415511e-06	0.00177999492	0.00103055473	0	0	0	0	0	3
6	1	0	0.15	0.00105857257	0.00103767784	2.94415511e-06	0.00177999492	0.00103473368	0	0	0	0	0	3
7	1	0	0.175	0.00101137679	0.00103392055	2.94415511e-06	0.00177999492	0.00103473368	0	0	0	0	0	3
8	1	0	0.2	0.000983645647	0.00102763618	2.94415511e-06	0.00177999492	0.00103473368	0	0	0	0	0	3
9	1	0	0.225	0.000986677961	0.00102308527	2.94415511e-06	0.00177999492	0.00103473368	0	0	0	0	0	3
10	2	0	0.25	0.000976471082	0.00101842385	2.94415511e-06	0.00177999492	0.00103473368	0	0	0	0	0	3
11	2	0	0.275	0.000979914962	0.00101492304	2.94415511e-06	0.00177999492	0.00103473368	0	0	0	0	0	3
12	2	0	0.3	0.000970127434	0.00101119008	2.94415511e-06	0.00177999492	0.00103473368	0	0	0	0	0	3
13	2	0	0.325	0.00097003865	0.00100802458	2.94415511e-06	0.00177999492	0.00103473368	0	0	0	0	0	3
14	2	0	0.35	0.000966806796	0.00100508045	2.94415511e-06	0.00177999492	0.00103473368	0	0	0	0	0	3
15	2	0	0.375	0.000966636559	0.00100251753	2.94415511e-06	0.00177999492	0.00103473368	0	0	0	0	0	3
16	2	0	0.4	0.000964678132	0.00100015257	2.94415511e-06	0.00177999492	0.00103473368	0	0	0	0	0	3
17	2	0	0.425	0.000963406259	0.000997991018	2.94415511e-06	0.00177999492	0.00103473368	0	0	0	0	0	3
18	2	0	0.45	0.000961748647	0.000995977553	2.94415511e-06	0.00177999492	0.00103473368	0	0	0	0	0	3
19	3	0	0.475	0.00096055783	0.000994113357	2.94415511e-06	0.00177999492	0.00103473368	0	0	0	0	0	3
20	3	0	0.5	0.000958069638	0.000992311171	2.94415511e-06	0.00177999492	0.00103473368	0	0	0	0	0	3
21	3	0	0.525	0.000958166846	0.00104007231	0.000958069638	0.00177999492	0.000148602769	0	0	0	0	0	3
22	3	0	0.55	0.00095560169	0.000998852644	0.00095560169	0.00129091586	4.77611345e-05	0	0	0	0	0	3
23	3	0	0.575	0.000955012927	0.000982057497	0.000955012927	0.00106989847	5.80148082e-05	0	0	0	0	0	3
24	3	0	0.6	0.000954691378	0.000978605014	0.000954691378	0.00106989847	6.14672913e-05	0	0	0	0	0	3
25	3	0	0.625	0.000954992958	0.000972859738	0.000954691378	0.00105857257	6.72125671e-05	0	0	0	0	0	3
26	3	0	0.65	0.00095545386	0.000967703802	0.000954691378	0.00101137679	5.66854167e-05	0	0	0	0	0	3
27	3	0	0.675	0.000958958325	0.000965082879	0.000954691378	0.000986677961	3.19865832e-05	0	0	0	0	0	3
28	4	0	0.7	0.00095979506	0.00096389035	0.000954691378	0.000986677961	3.19865832e-05	0	0	0	0	0	3
29	4	0	0.725	0.000959816313	0.000962547267	0.000954691378	0.000979914962	2.52235847e-05	0	0	0	0	0	3
30	4	0	0.75	0.000959436288	0.000961695528	0.000954691378	0.000979914962	2.52235847e-05	0	0	0	0	0	3
31	4	0	0.775	0.000962780031	0.000960838781	0.000954691378	0.000970127434	1.54360565e-05	0	0	0	0	0	3
32	4	0	0.8	0.000963738304	0.000960519325	0.000954691378	0.00097003865	1.53472723e-05	0	0	0	0	0	3
33	4	0	0.825	0.000965786022	0.000960306693	0.000954691378	0.000966806796	1.21154181e-05	0	0	0	0	0	3
34	4	0	0.85	0.000965329508	0.000960232829	0.000954691378	0.000966636559	1.19451814e-05	0	0	0	0	0	3
35	4	0	0.875	0.000965377581	0.00096016988	0.000954691378	0.000965786022	1.10946445e-05	0	0	0	0	0	3
36	4	0	0.9	0.000966007919	0.000960236369	0.000954691378	0.000966007919	1.13165409e-05	0	0	0	0	0	3
37	5	0	0.925	0.000966319247	0.000960382019	0.000954691378	0.000966319247	1.16278697e-05	0	0	0	0	0	3
38	5	0	0.95	0.000965749123	0.000960582042	0.000954691378	0.000966319247	1.16278697e-05	0	0	0	0	0	3
39	5	0	0.975	0.000966690076	0.000960888655	0.000954691378	0.000966690076	1.19986979e-05	0	0	0	0	0	3
40	5	0	1	0.000965903155	0.000961280331	0.000954691378	0.000966690076	1.19986979e-05	4.72220567e-05	0	100	0	0	3
41	5	0	1.025	0.000966737001	0.000961708838	0.000954691378	0.000966737001	1.20456234e-05	4.72220567e-05	0	100	0	0	3
42	5	0	1.05	0.000966943197	0.000962275914	0.000954691378	0.000966943197	1.22518189e-05	4.72220567e-05	0	100	0	0	3
43	5	0	1.075	0.000966751324	0.000962862833	0.000954691378	0.000966943197	1.22518189e-05	4.72220567e-05	0	100	0	0	3
44	5	0	1.1	0.000965415907	0.000962984408	0.000954691378	0.000966943197	1.22518189e-05	4.72220567e-05	0	100	0	0	3
45	5	0	1.125	0.000967503114	0.000963594491	0.000954992958	0.000967503114	1.2510156e-05	4.72220567e-05	0	100	0	0	3
46	5	0	1.15	0.000966202222	0.000964128266	0.00095545386	0.000967503114	7.53392263e-06	4.72220567e-05	0	100	0	0	3
47	6	0	1.175	0.000966904521	0.000964673535	0.000958958325	0.000967503114	4.91299915e-06	4.72220567e-05	0	100	0	0	3
48	6	0	1.2	0.000967342766	0.000965072794	0.000959436288	0.000967503114	4.90291446e-06	4.72220567e-05	0	100	0	0	3
49	6	0	1.225	0.000966804054	0.000965406556	0.000959436288	0.000967503114	5.23667607e-06	4.72220567e-05	0	100	0	0	3
50	6	0	1.25	0.000966573546	0.000965728329	0.000959436288	0.000967503114	5.55844904e-06	4.72220567e-05	0	100	0	0	3
51	6	0	1.275	0.000967979251	0.000966135137	0.000962780031	0.000967979251	5.19921977e-06	4.72220567e-05	0	100	0	0	3
52	6	0	1.3	0.000966431812	0.000966309031	0.000963738304	0.000967979251	4.24094696e-06	4.72220567e-05	0	100	0	0	3
