Iteration	CPUTime	PhysTime	Travels	Value	AvValue	MinValue	MaxValue	Delta	Criteria	PrevAvRefValue	Progress	CriteriaType	CriteriaVarType	CriteriaPercentage
1	1	0	0.025	-1.9735587e-13	-1.9735587e-13	-1.9735587e-13	-1.9735587e-13	0	0	0	0	0	0	3
2	1	0	0.05	2.68099616e-06	1.34049798e-06	-1.9735587e-13	2.68099616e-06	1.34049818e-06	0	0	0	0	0	3
3	1	0	0.075	-7.095942e-07	6.5713392e-07	-7.095942e-07	2.68099616e-06	1.34049818e-06	0	0	0	0	0	3
4	1	0	0.1	-3.82533106e-06	-4.63482326e-07	-3.82533106e-06	2.68099616e-06	1.80398031e-06	0	0	0	0	0	3
5	1	0	0.125	-4.85809513e-06	-1.34240489e-06	-4.85809513e-06	2.68099616e-06	2.68290287e-06	0	0	0	0	0	3
6	1	0	0.15	-4.08151074e-06	-1.79892253e-06	-4.85809513e-06	2.68099616e-06	3.13942051e-06	0	0	0	0	0	3
7	1	0	0.175	-5.74575141e-06	-2.36275523e-06	-5.74575141e-06	2.68099616e-06	3.7032532e-06	0	0	0	0	0	3
8	1	0	0.2	-4.90741835e-06	-2.68083812e-06	-5.74575141e-06	2.68099616e-06	4.0213361e-06	0	0	0	0	0	3
9	1	0	0.225	-5.64957324e-06	-3.01069757e-06	-5.74575141e-06	2.68099616e-06	4.35119555e-06	0	0	0	0	0	3
10	2	0	0.25	-4.92121465e-06	-3.20174928e-06	-5.74575141e-06	2.68099616e-06	4.54224726e-06	0	0	0	0	0	3
11	2	0	0.275	-6.05887573e-06	-3.46148805e-06	-6.05887573e-06	2.68099616e-06	4.80198603e-06	0	0	0	0	0	3
12	2	0	0.3	-3.91426986e-06	-3.49921987e-06	-6.05887573e-06	2.68099616e-06	4.83971785e-06	0	0	0	0	0	3
13	2	0	0.325	-6.07133215e-06	-3.69707466e-06	-6.07133215e-06	2.68099616e-06	5.03757264e-06	0	0	0	0	0	3
14	2	0	0.35	-4.19675054e-06	-3.73276579e-06	-6.07133215e-06	2.68099616e-06	5.07326377e-06	0	0	0	0	0	3
15	2	0	0.375	-6.4682954e-06	-3.91513443e-06	-6.4682954e-06	2.68099616e-06	5.25563241e-06	0	0	0	0	0	3
16	2	0	0.4	-4.39974957e-06	-3.94542288e-06	-6.4682954e-06	2.68099616e-06	5.28592086e-06	0	0	0	0	0	3
17	2	0	0.425	-5.84102086e-06	-4.05692864e-06	-6.4682954e-06	2.68099616e-06	5.39742662e-06	0	0	0	0	0	3
18	2	0	0.45	-5.32828329e-06	-4.12755946e-06	-6.4682954e-06	2.68099616e-06	5.46805744e-06	0	0	0	0	0	3
19	3	0	0.475	-5.74415147e-06	-4.21264325e-06	-6.4682954e-06	2.68099616e-06	5.55314123e-06	0	0	0	0	0	3
20	3	0	0.5	-5.24161335e-06	-4.26409175e-06	-6.4682954e-06	2.68099616e-06	5.60458973e-06	0	0	0	0	0	3
21	3	0	0.525	-4.81981475e-06	-4.50508248e-06	-6.4682954e-06	2.68099616e-06	5.84558046e-06	0	0	0	0	0	3
22	3	0	0.55	-5.03853402e-06	-4.89105899e-06	-6.4682954e-06	-7.095942e-07	5.54819291e-06	0	0	0	0	0	3
23	3	0	0.575	-4.75036986e-06	-5.09309777e-06	-6.4682954e-06	-3.82533106e-06	2.64296433e-06	0	0	0	0	0	3
24	3	0	0.6	-4.28529772e-06	-5.1160961e-06	-6.4682954e-06	-3.91426986e-06	2.55402553e-06	0	0	0	0	0	3
25	3	0	0.625	-5.08042085e-06	-5.12721239e-06	-6.4682954e-06	-3.91426986e-06	2.55402553e-06	0	0	0	0	0	3
26	3	0	0.65	-4.06365124e-06	-5.12631942e-06	-6.4682954e-06	-3.91426986e-06	2.55402553e-06	0	0	0	0	0	3
27	3	0	0.675	-5.39236406e-06	-5.10865005e-06	-6.4682954e-06	-3.91426986e-06	2.44637428e-06	0	0	0	0	0	3
28	4	0	0.7	-4.76611012e-06	-5.10158464e-06	-6.4682954e-06	-3.91426986e-06	2.11651482e-06	0	0	0	0	0	3
29	4	0	0.725	-6.01077808e-06	-5.11964488e-06	-6.4682954e-06	-3.91426986e-06	1.92546311e-06	0	0	0	0	0	3
30	4	0	0.75	-5.62460965e-06	-5.15481463e-06	-6.4682954e-06	-3.91426986e-06	1.69332658e-06	0	0	0	0	0	3
31	4	0	0.775	-6.34530066e-06	-5.16913588e-06	-6.4682954e-06	-3.91426986e-06	1.66991601e-06	0	0	0	0	0	3
32	4	0	0.8	-4.74295848e-06	-5.21057031e-06	-6.4682954e-06	-4.06365124e-06	1.51349565e-06	0	0	0	0	0	3
33	4	0	0.825	-6.40516229e-06	-5.22726181e-06	-6.4682954e-06	-4.06365124e-06	1.49449602e-06	0	0	0	0	0	3
34	4	0	0.85	-6.25518753e-06	-5.33018366e-06	-6.4682954e-06	-4.06365124e-06	1.41504923e-06	0	0	0	0	0	3
35	4	0	0.875	-6.59313144e-06	-5.33642546e-06	-6.59313144e-06	-4.06365124e-06	1.39100259e-06	0	0	0	0	0	3
36	4	0	0.9	-5.40766667e-06	-5.38682132e-06	-6.59313144e-06	-4.06365124e-06	1.32989268e-06	0	0	0	0	0	3
37	5	0	0.925	-5.39537715e-06	-5.36453913e-06	-6.59313144e-06	-4.06365124e-06	1.25926186e-06	0	0	0	0	0	3
38	5	0	0.95	-6.09117412e-06	-5.40268368e-06	-6.59313144e-06	-4.06365124e-06	1.19004043e-06	0	0	0	0	0	3
39	5	0	0.975	-5.99980085e-06	-5.41546614e-06	-6.59313144e-06	-4.06365124e-06	1.15137439e-06	0	0	0	0	0	3
40	5	0	1	-5.93141799e-06	-5.44995638e-06	-6.59313144e-06	-4.06365124e-06	9.44873897e-07	8.26331039e-07	0	87.4	0	0	3
41	5	0	1.025	-5.68967545e-06	-5.49344941e-06	-6.59313144e-06	-4.06365124e-06	6.02390423e-07	8.26331039e-07	0	100	0	0	3
42	5	0	1.05	-6.26858478e-06	-5.55495195e-06	-6.59313144e-06	-4.06365124e-06	4.61854178e-07	8.26331039e-07	0	100	0	0	3
43	5	0	1.075	-5.91120267e-06	-5.61299359e-06	-6.59313144e-06	-4.06365124e-06	5.11408953e-07	8.26331039e-07	0	100	0	0	3
44	5	0	1.1	-5.90915725e-06	-5.62709662e-06	-6.59313144e-06	-4.06365124e-06	5.25511984e-07	8.26331039e-07	0	100	0	0	3
45	5	0	1.125	-6.08398715e-06	-5.7127485e-06	-6.59313144e-06	-4.06365124e-06	6.11163861e-07	8.26331039e-07	0	100	0	0	3
46	5	0	1.15	-5.59169868e-06	-5.73709506e-06	-6.59313144e-06	-4.06365124e-06	6.35510425e-07	8.26331039e-07	0	100	0	0	3
47	6	0	1.175	-5.71737595e-06	-5.81584386e-06	-6.59313144e-06	-4.74295848e-06	7.1425922e-07	8.26331039e-07	0	100	0	0	3
48	6	0	1.2	-6.10638116e-06	-5.84984467e-06	-6.59313144e-06	-4.74295848e-06	7.48260035e-07	8.26331039e-07	0	100	0	0	3
49	6	0	1.225	-5.31814501e-06	-5.87613205e-06	-6.59313144e-06	-4.74295848e-06	7.56487169e-07	8.26331039e-07	0	100	0	0	3
50	6	0	1.25	-6.83342434e-06	-5.91530568e-06	-6.83342434e-06	-4.74295848e-06	7.6049105e-07	8.26331039e-07	0	100	0	0	3
51	6	0	1.275	-6.00415614e-06	-5.93337932e-06	-6.83342434e-06	-4.74295848e-06	7.64243446e-07	8.26331039e-07	0	100	0	0	3
52	6	0	1.3	-4.6107537e-06	-5.85078185e-06	-6.83342434e-06	-4.6107537e-06	7.22809015e-07	8.26331039e-07	0	100	0	0	3
