Iteration	CPUTime	PhysTime	Travels	Value	AvValue	MinValue	MaxValue	Delta	Criteria	PrevAvRefValue	Progress	CriteriaType	CriteriaVarType	CriteriaPercentage
1	1	0	0.025	101348.429	101348.429	101348.429	101348.429	0	0	0	0	0	0	3
2	1	0	0.05	101329.352	101338.891	101329.352	101348.429	9.53836319	0	0	0	0	0	3
3	1	0	0.075	101327.064	101334.949	101327.064	101348.429	13.4805432	0	0	0	0	0	3
4	1	0	0.1	101326.768	101332.903	101326.768	101348.429	15.5257903	0	0	0	0	0	3
5	1	0	0.125	101326.634	101331.649	101326.634	101348.429	16.7797299	0	0	0	0	0	3
6	2	0	0.15	101326.581	101330.805	101326.581	101348.429	17.62447	0	0	0	0	0	3
7	2	0	0.175	101326.522	101330.193	101326.522	101348.429	18.2362168	0	0	0	0	0	3
8	2	0	0.2	101326.512	101329.733	101326.512	101348.429	18.6963292	0	0	0	0	0	3
9	2	0	0.225	101326.476	101329.371	101326.476	101348.429	19.0582067	0	0	0	0	0	3
10	2	0	0.25	101326.467	101329.08	101326.467	101348.429	19.3486184	0	0	0	0	0	3
11	2	0	0.275	101326.448	101328.841	101326.448	101348.429	19.5879192	0	0	0	0	0	3
12	2	0	0.3	101326.431	101328.64	101326.431	101348.429	19.788778	0	0	0	0	0	3
13	2	0	0.325	101326.422	101328.47	101326.422	101348.429	19.9594099	0	0	0	0	0	3
14	2	0	0.35	101326.398	101328.322	101326.398	101348.429	20.1073626	0	0	0	0	0	3
15	2	0	0.375	101326.385	101328.193	101326.385	101348.429	20.236492	0	0	0	0	0	3
16	3	0	0.4	101326.358	101328.078	101326.358	101348.429	20.3511389	0	0	0	0	0	3
17	3	0	0.425	101326.336	101327.975	101326.336	101348.429	20.4536308	0	0	0	0	0	3
18	3	0	0.45	101326.316	101327.883	101326.316	101348.429	20.545823	0	0	0	0	0	3
19	3	0	0.475	101326.301	101327.8	101326.301	101348.429	20.6290802	0	0	0	0	0	3
20	3	0	0.5	101326.291	101327.725	101326.291	101348.429	20.7045384	0	0	0	0	0	3
21	3	0	0.525	101326.277	101326.617	101326.277	101329.352	3.07564956	0	0	0	0	0	3
22	3	0	0.55	101326.269	101326.463	101326.269	101327.064	0.795030547	0	0	0	0	0	3
23	3	0	0.575	101326.267	101326.423	101326.267	101326.768	0.500125521	0	0	0	0	0	3
24	3	0	0.6	101326.26	101326.398	101326.26	101326.634	0.373739988	0	0	0	0	0	3
25	3	0	0.625	101326.257	101326.379	101326.257	101326.581	0.323440126	0	0	0	0	0	3
26	4	0	0.65	101326.252	101326.362	101326.252	101326.522	0.26987014	0	0	0	0	0	3
27	4	0	0.675	101326.252	101326.349	101326.252	101326.512	0.259649885	0	0	0	0	0	3
28	4	0	0.7	101326.252	101326.336	101326.252	101326.476	0.223566089	0	0	0	0	0	3
29	4	0	0.725	101326.253	101326.325	101326.252	101326.467	0.214468361	0	0	0	0	0	3
30	4	0	0.75	101326.25	101326.314	101326.25	101326.448	0.197796659	0	0	0	0	0	3
31	4	0	0.775	101326.25	101326.304	101326.25	101326.431	0.180497259	0	0	0	0	0	3
32	4	0	0.8	101326.249	101326.295	101326.249	101326.422	0.173045824	0	0	0	0	0	3
33	4	0	0.825	101326.246	101326.286	101326.246	101326.398	0.152076505	0	0	0	0	0	3
34	4	0	0.85	101326.242	101326.278	101326.242	101326.385	0.143074789	0	0	0	0	0	3
35	4	0	0.875	101326.241	101326.271	101326.241	101326.358	0.11713429	0	0	0	0	0	3
36	4	0	0.9	101326.236	101326.265	101326.236	101326.336	0.0994223594	0	0	0	0	0	3
37	5	0	0.925	101326.233	101326.26	101326.233	101326.316	0.0833896791	0	0	0	0	0	3
38	5	0	0.95	101326.229	101326.255	101326.229	101326.301	0.0726030129	0	0	0	0	0	3
39	5	0	0.975	101326.226	101326.252	101326.226	101326.291	0.0646554022	0	0	0	0	0	3
40	5	0	1	101326.223	101326.248	101326.223	101326.277	0.0532799112	0.118082035	0	100	0	0	3
41	5	0	1.025	101326.222	101326.246	101326.222	101326.269	0.0470429687	0.118267541	0	100	0	0	3
42	5	0	1.05	101326.221	101326.243	101326.221	101326.267	0.0463448586	0.118339538	0	100	0	0	3
43	5	0	1.075	101326.22	101326.241	101326.22	101326.26	0.0394971951	0.118082035	0	100	0	0	3
44	5	0	1.1	101326.219	101326.24	101326.219	101326.26	0.0408334238	0.118082035	0	100	0	0	3
45	5	0	1.125	101326.219	101326.238	101326.219	101326.257	0.0386767655	0.118082035	0	100	0	0	3
46	5	0	1.15	101326.218	101326.236	101326.218	101326.253	0.0351344466	0.118082035	0	100	0	0	3
47	6	0	1.175	101326.217	101326.234	101326.217	101326.253	0.0360317996	0.118082035	0	100	0	0	3
48	6	0	1.2	101326.216	101326.233	101326.216	101326.253	0.0374930224	0.118082035	0	100	0	0	3
49	6	0	1.225	101326.216	101326.231	101326.216	101326.253	0.0374930224	0.118082035	0	100	0	0	3
50	6	0	1.25	101326.215	101326.229	101326.215	101326.25	0.035844651	0.118082035	0	100	0	0	3
51	6	0	1.275	101326.215	101326.227	101326.215	101326.25	0.035844651	0.118082035	0	100	0	0	3
52	6	0	1.3	101326.214	101326.226	101326.214	101326.249	0.0347368056	0.118082035	0	100	0	0	3
53	6	0	1.325	101326.212	101326.224	101326.212	101326.246	0.034069019	0.118082035	0	100	0	0	3
54	6	0	1.35	101326.211	101326.222	101326.211	101326.242	0.0303248619	0.118082035	0	100	0	0	3
55	6	0	1.375	101326.211	101326.221	101326.211	101326.241	0.0297244043	0.118082035	0	100	0	0	3
56	6	0	1.4	101326.212	101326.219	101326.211	101326.236	0.0247788109	0.118082035	0	100	0	0	3
57	7	0	1.425	101326.211	101326.218	101326.211	101326.233	0.0216723403	0.118082035	0	100	0	0	3
58	7	0	1.45	101326.21	101326.217	101326.21	101326.229	0.0182516891	0.118082035	0	100	0	0	3
59	7	0	1.475	101326.211	101326.216	101326.21	101326.226	0.0156675306	0.118082035	0	100	0	0	3
60	7	0	1.5	101326.211	101326.215	101326.21	101326.223	0.0129098288	0.118082035	0	100	0	0	3
61	7	0	1.525	101326.21	101326.215	101326.21	101326.222	0.0116563428	0.118082035	0	100	0	0	3
62	7	0	1.55	101326.21	101326.214	101326.21	101326.221	0.0110952477	0.118082035	0	100	0	0	3
63	7	0	1.575	101326.21	101326.214	101326.21	101326.22	0.0105698144	0.118082035	0	100	0	0	3
64	7	0	1.6	101326.209	101326.213	101326.209	101326.219	0.0101308545	0.118082035	0	100	0	0	3
65	7	0	1.625	101326.209	101326.213	101326.209	101326.219	0.0101953857	0.118082035	0	100	0	0	3
66	7	0	1.65	101326.208	101326.212	101326.208	101326.218	0.00998718989	0.118082035	0	100	0	0	3
67	7	0	1.675	101326.209	101326.212	101326.208	101326.217	0.00908983682	0.118082035	0	100	0	0	3
68	8	0	1.7	101326.208	101326.211	101326.208	101326.216	0.00764514503	0.118082035	0	100	0	0	3
69	8	0	1.725	101326.209	101326.211	101326.208	101326.216	0.00764514503	0.118082035	0	100	0	0	3
70	8	0	1.75	101326.211	101326.211	101326.208	101326.215	0.00625556565	0.118082035	0	100	0	0	3
71	8	0	1.775	101326.211	101326.211	101326.208	101326.215	0.00625556565	0.118082035	0	100	0	0	3
72	8	0	1.8	101326.21	101326.21	101326.208	101326.214	0.005995543	0.118082035	0	100	0	0	3
73	8	0	1.825	101326.21	101326.21	101326.208	101326.212	0.0038756042	0.118082035	0	100	0	0	3
74	8	0	1.85	101326.21	101326.21	101326.208	101326.212	0.00331164754	0.118082035	0	100	0	0	3
75	8	0	1.875	101326.21	101326.21	101326.208	101326.212	0.00331164754	0.118082035	0	100	0	0	3
