Iteration	CPUTime	PhysTime	Travels	Value	AvValue	MinValue	MaxValue	Delta	Criteria	PrevAvRefValue	Progress	CriteriaType	CriteriaVarType	CriteriaPercentage
1	1	0	0.025	1.16473669	1.16473669	1.16473669	1.16473669	0	0	0	0	0	0	3
2	1	0	0.05	1.16451742	1.16462706	1.16451742	1.16473669	0.000109632915	0	0	0	0	0	3
3	1	0	0.075	1.16449114	1.16458175	1.16449114	1.16473669	0.000154939578	0	0	0	0	0	3
4	1	0	0.1	1.16448773	1.16455824	1.16448773	1.16473669	0.000178445485	0	0	0	0	0	3
5	1	0	0.125	1.16448619	1.16454383	1.16448619	1.16473669	0.000192857068	0	0	0	0	0	3
6	2	0	0.15	1.16448558	1.16453412	1.16448558	1.16473669	0.000202566419	0	0	0	0	0	3
7	2	0	0.175	1.1644849	1.16452709	1.1644849	1.16473669	0.000209598126	0	0	0	0	0	3
8	2	0	0.2	1.16448478	1.1645218	1.16448478	1.16473669	0.000214887429	0	0	0	0	0	3
9	2	0	0.225	1.16448436	1.16451764	1.16448436	1.16473669	0.000219047738	0	0	0	0	0	3
10	2	0	0.25	1.16448425	1.1645143	1.16448425	1.16473669	0.000222386829	0	0	0	0	0	3
11	2	0	0.275	1.16448403	1.16451155	1.16448403	1.16473669	0.000225138603	0	0	0	0	0	3
12	2	0	0.3	1.16448383	1.16450924	1.16448383	1.16473669	0.000227448701	0	0	0	0	0	3
13	2	0	0.325	1.16448373	1.16450728	1.16448373	1.16473669	0.000229411507	0	0	0	0	0	3
14	2	0	0.35	1.16448345	1.16450558	1.16448345	1.16473669	0.000231113773	0	0	0	0	0	3
15	2	0	0.375	1.16448329	1.16450409	1.16448329	1.16473669	0.0002325998	0	0	0	0	0	3
16	3	0	0.4	1.16448297	1.16450277	1.16448297	1.16473669	0.000233919636	0	0	0	0	0	3
17	3	0	0.425	1.16448271	1.16450159	1.16448271	1.16473669	0.000235099956	0	0	0	0	0	3
18	3	0	0.45	1.16448247	1.16450053	1.16448247	1.16473669	0.000236162076	0	0	0	0	0	3
19	3	0	0.475	1.1644823	1.16449957	1.1644823	1.16473669	0.000237121634	0	0	0	0	0	3
20	3	0	0.5	1.16448217	1.1644987	1.16448217	1.16473669	0.000237991662	0	0	0	0	0	3
21	3	0	0.525	1.164482	1.16448596	1.164482	1.16451742	3.5429134e-05	0	0	0	0	0	3
22	3	0	0.55	1.1644819	1.16448419	1.1644819	1.16449114	9.23824061e-06	0	0	0	0	0	3
23	3	0	0.575	1.16448187	1.16448372	1.16448187	1.16448773	5.85665233e-06	0	0	0	0	0	3
24	3	0	0.6	1.16448178	1.16448343	1.16448178	1.16448619	4.41187081e-06	0	0	0	0	0	3
25	3	0	0.625	1.16448174	1.1644832	1.16448174	1.16448558	3.83736228e-06	0	0	0	0	0	3
26	4	0	0.65	1.16448167	1.16448301	1.16448167	1.1644849	3.23068248e-06	0	0	0	0	0	3
27	4	0	0.675	1.16448166	1.16448285	1.16448166	1.16448478	3.12004418e-06	0	0	0	0	0	3
28	4	0	0.7	1.16448165	1.16448269	1.16448165	1.16448436	2.71391013e-06	0	0	0	0	0	3
29	4	0	0.725	1.16448165	1.16448255	1.16448165	1.16448425	2.60548059e-06	0	0	0	0	0	3
30	4	0	0.75	1.1644816	1.16448242	1.1644816	1.16448403	2.43115132e-06	0	0	0	0	0	3
31	4	0	0.775	1.16448159	1.1644823	1.16448159	1.16448383	2.24229867e-06	0	0	0	0	0	3
32	4	0	0.8	1.16448156	1.16448219	1.16448156	1.16448373	2.1664242e-06	0	0	0	0	0	3
33	4	0	0.825	1.16448151	1.16448208	1.16448151	1.16448345	1.93378074e-06	0	0	0	0	0	3
34	4	0	0.85	1.16448145	1.16448198	1.16448145	1.16448329	1.83824154e-06	0	0	0	0	0	3
35	4	0	0.875	1.16448143	1.16448188	1.16448143	1.16448297	1.5445343e-06	0	0	0	0	0	3
36	4	0	0.9	1.16448135	1.1644818	1.16448135	1.16448271	1.35219829e-06	0	0	0	0	0	3
37	5	0	0.925	1.16448129	1.16448173	1.16448129	1.16448247	1.17738727e-06	0	0	0	0	0	3
38	5	0	0.95	1.16448123	1.16448167	1.16448123	1.1644823	1.06297811e-06	0	0	0	0	0	3
39	5	0	0.975	1.16448119	1.16448161	1.16448119	1.16448217	9.79391863e-07	0	0	0	0	0	3
40	5	0	1	1.16448114	1.16448156	1.16448114	1.164482	8.52393994e-07	1.40370103e-06	0	100	0	0	3
41	5	0	1.025	1.16448111	1.16448152	1.16448111	1.1644819	7.88900611e-07	1.40829193e-06	0	100	0	0	3
42	5	0	1.05	1.16448108	1.16448148	1.16448108	1.16448187	7.87538807e-07	1.41021283e-06	0	100	0	0	3
43	5	0	1.075	1.16448106	1.16448144	1.16448106	1.16448178	7.1262018e-07	1.40370103e-06	0	100	0	0	3
44	5	0	1.1	1.16448104	1.16448142	1.16448104	1.16448178	7.38155748e-07	1.40370103e-06	0	100	0	0	3
45	5	0	1.125	1.16448103	1.16448138	1.16448103	1.16448174	7.12844516e-07	1.40370103e-06	0	100	0	0	3
46	5	0	1.15	1.16448101	1.16448135	1.16448101	1.16448167	6.56805165e-07	1.40370103e-06	0	100	0	0	3
47	6	0	1.175	1.164481	1.16448132	1.164481	1.16448166	6.58349375e-07	1.40370103e-06	0	100	0	0	3
48	6	0	1.2	1.16448098	1.16448128	1.16448098	1.16448165	6.70173568e-07	1.40370103e-06	0	100	0	0	3
49	6	0	1.225	1.16448098	1.16448125	1.16448098	1.16448165	6.72988685e-07	1.40370103e-06	0	100	0	0	3
50	6	0	1.25	1.16448096	1.16448122	1.16448096	1.1644816	6.46555426e-07	1.40370103e-06	0	100	0	0	3
51	6	0	1.275	1.16448096	1.16448119	1.16448096	1.16448159	6.33072573e-07	1.40370103e-06	0	100	0	0	3
52	6	0	1.3	1.16448095	1.16448116	1.16448095	1.16448156	6.08446448e-07	1.40370103e-06	0	100	0	0	3
53	6	0	1.325	1.16448093	1.16448113	1.16448093	1.16448151	5.88273807e-07	1.40370103e-06	0	100	0	0	3
54	6	0	1.35	1.16448091	1.1644811	1.16448091	1.16448145	5.33685354e-07	1.40370103e-06	0	100	0	0	3
55	6	0	1.375	1.16448091	1.16448107	1.16448091	1.16448143	5.1474072e-07	1.40370103e-06	0	100	0	0	3
56	6	0	1.4	1.16448092	1.16448105	1.16448091	1.16448135	4.39178827e-07	1.40370103e-06	0	100	0	0	3
57	7	0	1.425	1.16448091	1.16448103	1.16448091	1.16448129	3.87706956e-07	1.40370103e-06	0	100	0	0	3
58	7	0	1.45	1.1644809	1.16448101	1.1644809	1.16448123	3.3212825e-07	1.40370103e-06	0	100	0	0	3
59	7	0	1.475	1.1644809	1.16448099	1.1644809	1.16448119	2.87208734e-07	1.40370103e-06	0	100	0	0	3
60	7	0	1.5	1.1644809	1.16448098	1.1644809	1.16448114	2.41429949e-07	1.40370103e-06	0	100	0	0	3
61	7	0	1.525	1.1644809	1.16448097	1.1644809	1.16448111	2.09792696e-07	1.40370103e-06	0	100	0	0	3
62	7	0	1.55	1.16448089	1.16448096	1.16448089	1.16448108	1.88456914e-07	1.40370103e-06	0	100	0	0	3
63	7	0	1.575	1.16448089	1.16448095	1.16448089	1.16448106	1.70285281e-07	1.40370103e-06	0	100	0	0	3
64	7	0	1.6	1.16448088	1.16448094	1.16448088	1.16448104	1.55858019e-07	1.40370103e-06	0	100	0	0	3
65	7	0	1.625	1.16448088	1.16448093	1.16448088	1.16448103	1.49012221e-07	1.40370103e-06	0	100	0	0	3
66	7	0	1.65	1.16448087	1.16448093	1.16448087	1.16448101	1.40242402e-07	1.40370103e-06	0	100	0	0	3
67	7	0	1.675	1.16448088	1.16448092	1.16448087	1.164481	1.2515323e-07	1.40370103e-06	0	100	0	0	3
68	8	0	1.7	1.16448087	1.16448091	1.16448087	1.16448098	1.04125961e-07	1.40370103e-06	0	100	0	0	3
69	8	0	1.725	1.16448088	1.16448091	1.16448087	1.16448098	1.01310844e-07	1.40370103e-06	0	100	0	0	3
70	8	0	1.75	1.1644809	1.1644809	1.16448087	1.16448096	8.20458625e-08	1.40370103e-06	0	100	0	0	3
71	8	0	1.775	1.1644809	1.1644809	1.16448087	1.16448096	8.09407548e-08	1.40370103e-06	0	100	0	0	3
72	8	0	1.8	1.1644809	1.1644809	1.16448087	1.16448095	7.60420285e-08	1.40370103e-06	0	100	0	0	3
73	8	0	1.825	1.16448089	1.1644809	1.16448087	1.16448093	5.0812009e-08	1.40370103e-06	0	100	0	0	3
74	8	0	1.85	1.16448089	1.16448089	1.16448087	1.16448092	4.08567347e-08	1.40370103e-06	0	100	0	0	3
75	8	0	1.875	1.16448089	1.16448089	1.16448087	1.16448092	4.08567347e-08	1.40370103e-06	0	100	0	0	3
