Iteration	CPUTime	PhysTime	Travels	Value	AvValue	MinValue	MaxValue	Delta	Criteria	PrevAvRefValue	Progress	CriteriaType	CriteriaVarType	CriteriaPercentage
1	1	0	0.025	101348.262	101348.262	101348.262	101348.262	0	0	0	0	0	0	3
2	1	0	0.05	101329.182	101338.722	101329.182	101348.262	9.54006867	0	0	0	0	0	3
3	1	0	0.075	101326.895	101334.779	101326.895	101348.262	13.482402	0	0	0	0	0	3
4	1	0	0.1	101326.598	101332.734	101326.598	101348.262	15.5277426	0	0	0	0	0	3
5	1	0	0.125	101326.464	101331.48	101326.464	101348.262	16.7817319	0	0	0	0	0	3
6	2	0	0.15	101326.411	101330.635	101326.411	101348.262	17.6265563	0	0	0	0	0	3
7	2	0	0.175	101326.353	101330.023	101326.353	101348.262	18.2383714	0	0	0	0	0	3
8	2	0	0.2	101326.342	101329.563	101326.342	101348.262	18.6985694	0	0	0	0	0	3
9	2	0	0.225	101326.306	101329.201	101326.306	101348.262	19.0605183	0	0	0	0	0	3
10	2	0	0.25	101326.296	101328.911	101326.296	101348.262	19.3510059	0	0	0	0	0	3
11	2	0	0.275	101326.278	101328.671	101326.278	101348.262	19.590372	0	0	0	0	0	3
12	2	0	0.3	101326.26	101328.471	101326.26	101348.262	19.791295	0	0	0	0	0	3
13	2	0	0.325	101326.251	101328.3	101326.251	101348.262	19.9619901	0	0	0	0	0	3
14	2	0	0.35	101326.228	101328.152	101326.228	101348.262	20.1100081	0	0	0	0	0	3
15	2	0	0.375	101326.214	101328.023	101326.214	101348.262	20.2392051	0	0	0	0	0	3
16	3	0	0.4	101326.187	101327.908	101326.187	101348.262	20.3539271	0	0	0	0	0	3
17	3	0	0.425	101326.164	101327.805	101326.164	101348.262	20.4564966	0	0	0	0	0	3
18	3	0	0.45	101326.144	101327.713	101326.144	101348.262	20.5487711	0	0	0	0	0	3
19	3	0	0.475	101326.13	101327.63	101326.13	101348.262	20.6321119	0	0	0	0	0	3
20	3	0	0.5	101326.119	101327.554	101326.119	101348.262	20.7076543	0	0	0	0	0	3
21	3	0	0.525	101326.105	101326.446	101326.105	101329.182	3.07712192	0	0	0	0	0	3
22	3	0	0.55	101326.097	101326.292	101326.097	101326.895	0.797793006	0	0	0	0	0	3
23	3	0	0.575	101326.095	101326.252	101326.095	101326.598	0.502810686	0	0	0	0	0	3
24	3	0	0.6	101326.088	101326.227	101326.088	101326.464	0.376385904	0	0	0	0	0	3
25	3	0	0.625	101326.086	101326.208	101326.086	101326.411	0.325640736	0	0	0	0	0	3
26	4	0	0.65	101326.081	101326.191	101326.081	101326.353	0.271764236	0	0	0	0	0	3
27	4	0	0.675	101326.081	101326.178	101326.081	101326.342	0.261070408	0	0	0	0	0	3
28	4	0	0.7	101326.081	101326.165	101326.081	101326.306	0.224916095	0	0	0	0	0	3
29	4	0	0.725	101326.083	101326.153	101326.081	101326.296	0.215632127	0	0	0	0	0	3
30	4	0	0.75	101326.08	101326.143	101326.08	101326.278	0.198073401	0	0	0	0	0	3
31	4	0	0.775	101326.08	101326.133	101326.08	101326.26	0.180659466	0	0	0	0	0	3
32	4	0	0.8	101326.079	101326.124	101326.079	101326.251	0.172303872	0	0	0	0	0	3
33	4	0	0.825	101326.077	101326.115	101326.077	101326.228	0.150806147	0	0	0	0	0	3
34	4	0	0.85	101326.073	101326.107	101326.073	101326.214	0.141321285	0	0	0	0	0	3
35	4	0	0.875	101326.072	101326.1	101326.072	101326.187	0.114803883	0	0	0	0	0	3
36	4	0	0.9	101326.068	101326.094	101326.068	101326.164	0.0965782604	0	0	0	0	0	3
37	5	0	0.925	101326.064	101326.089	101326.064	101326.144	0.0799881298	0	0	0	0	0	3
38	5	0	0.95	101326.061	101326.085	101326.061	101326.13	0.0688374888	0	0	0	0	0	3
39	5	0	0.975	101326.058	101326.081	101326.058	101326.119	0.0604975766	0	0	0	0	0	3
40	5	0	1	101326.056	101326.078	101326.056	101326.105	0.0487874858	0.117832805	0	0	0	0	3
41	5	0	1.025	101326.055	101326.076	101326.055	101326.097	0.0423024337	0.117989724	0	0	0	0	3
42	5	0	1.05	101326.054	101326.073	101326.054	101326.095	0.04153322	0.118056027	0	0	0	0	3
43	5	0	1.075	101326.053	101326.071	101326.053	101326.088	0.0345892144	0.117832805	0	0	0	0	3
44	5	0	1.1	101326.052	101326.07	101326.052	101326.088	0.0358151325	0.117832805	0	0	0	0	3
45	5	0	1.125	101326.052	101326.069	101326.052	101326.086	0.0335980529	0.117832805	0	0	0	0	3
46	5	0	1.15	101326.051	101326.067	101326.051	101326.083	0.0310403598	0.117832805	0	0	0	0	3
47	6	0	1.175	101326.051	101326.066	101326.051	101326.083	0.0318150489	0.117832805	0	0	0	0	3
48	6	0	1.2	101326.049	101326.064	101326.049	101326.083	0.0332153183	0.117832805	0	0	0	0	3
49	6	0	1.225	101326.049	101326.063	101326.049	101326.083	0.0332153183	0.117832805	0	0	0	0	3
50	6	0	1.25	101326.048	101326.061	101326.048	101326.08	0.032169574	0.117832805	0	0	0	0	3
51	6	0	1.275	101326.048	101326.06	101326.048	101326.08	0.032169574	0.117832805	0	0	0	0	3
52	6	0	1.3	101326.048	101326.058	101326.048	101326.079	0.0313196495	0.117832805	0	0	0	0	3
53	6	0	1.325	101326.046	101326.056	101326.046	101326.077	0.0309349348	0.117832805	0	0	0	0	3
54	6	0	1.35	101326.045	101326.055	101326.045	101326.073	0.0275316615	0.117832805	0	0	0	0	3
55	6	0	1.375	101326.045	101326.054	101326.045	101326.072	0.0272532939	0.117832805	0	0	0	0	3
56	6	0	1.4	101326.045	101326.052	101326.045	101326.068	0.0226284964	0.117832805	0	0	0	0	3
57	7	0	1.425	101326.045	101326.051	101326.045	101326.064	0.0197317236	0.117832805	0	0	0	0	3
58	7	0	1.45	101326.044	101326.05	101326.044	101326.061	0.0164952761	0.117832805	0	0	0	0	3
59	7	0	1.475	101326.044	101326.049	101326.044	101326.058	0.0141237362	0.117832805	0	0	0	0	3
60	7	0	1.5	101326.045	101326.049	101326.044	101326.056	0.0115332469	0.117832805	0	0	0	0	3
61	7	0	1.525	101326.044	101326.048	101326.044	101326.055	0.0104159673	0.117832805	0	0	0	0	3
62	7	0	1.55	101326.044	101326.048	101326.044	101326.054	0.00985413966	0.117832805	0	0	0	0	3
63	7	0	1.575	101326.044	101326.047	101326.044	101326.053	0.00944273414	0.117832805	0	0	0	0	3
64	7	0	1.6	101326.043	101326.047	101326.043	101326.052	0.00915409205	0.117832805	0	0	0	0	3
65	7	0	1.625	101326.043	101326.046	101326.043	101326.052	0.00934063586	0.117832805	0	0	0	0	3
66	7	0	1.65	101326.042	101326.046	101326.042	101326.051	0.00919356575	0.117832805	0	0	0	0	3
67	7	0	1.675	101326.043	101326.045	101326.042	101326.051	0.00841887668	0.117832805	0	0	0	0	3
68	8	0	1.7	101326.042	101326.045	101326.042	101326.049	0.00712085866	0.117832805	0	0	0	0	3
69	8	0	1.725	101326.043	101326.045	101326.042	101326.049	0.00712085866	0.117832805	0	0	0	0	3
70	8	0	1.75	101326.045	101326.045	101326.042	101326.048	0.00585204794	0.117832805	0	0	0	0	3
71	8	0	1.775	101326.045	101326.044	101326.042	101326.048	0.00585204794	0.117832805	0	0	0	0	3
72	8	0	1.8	101326.044	101326.044	101326.042	101326.048	0.00559688074	0.117832805	0	0	0	0	3
73	8	0	1.825	101326.044	101326.044	101326.042	101326.046	0.00356846068	0.117832805	0	0	0	0	3
74	8	0	1.85	101326.044	101326.044	101326.042	101326.045	0.00298715984	0.117832805	0	0	0	0	3
75	8	0	1.875	101326.044	101326.044	101326.042	101326.045	0.00298715984	0.117832805	0	0	0	0	3
